Task 286 - test
Pair
Image 16 16
0000000001111110
2000000001000010
0011110001000210
0010010001020010
0010210001000010
0011110001111110
0000002000020000
0000000000000000
0200011111110000
0000010000012000
1212010000012000
2012010202010000
1110010000010000
0000011111110000
0000200000000200
0020000000020000
Image 16 16
0000000001111110
0000000001000010
0011110001000010
0010010001000010
0010010001000010
0011110001111110
0000000000000000
0000000000000000
0000011111110000
0000010000010000
1110010000010000
1010010000010000
1110010000010000
0000011111110000
0000000000000000
0000000000000000
Pair
Image 11 15
00203000000
40000055555
06666054005
06006050005
06016050015
06006055555
06666000000
00000031111
00033010001
03444410201
20400410401
00400410001
00401410001
10444410001
00000011111
Image 11 15
00000000000
00000055555
06666050005
06006050005
06006050005
06006055555
06666000000
00000011111
00000010001
00444410001
00400410001
00400410001
00400410001
00444410001
00000011111
Pair
Image 6 6
323333
331111
331321
321331
331111
233333
Image 6 6
333333
331111
331331
331331
331111
333333
Task 286 - test
Pair
Image 20 18
50400020004444002050
00400020004004000000
05555020004004000052
05005001004014001000
05005200004004000500
05005000004004000000
05555004004444010111
00004400200002000000
04400000000000000000
00001111111111111110
00001000000000000010
33301004000404000010
30301002200000020010
31301000002200000010
30301111111111111110
30300000000000000000
30300040010000001100
33300000000011100000
Image 20 18
00000000004444000000
00000000004004000000
05555000004004000000
05005000004004000000
05005000004004000000
05005000004004000000
05555000004444000000
00000000000000000000
00000000000000000000
00001111111111111110
00001000000000000010
33301000000000000010
30301000000000000010
30301000000000000010
30301111111111111110
30300000000000000000
30300000000000000000
33300000000000000000
Task 286 - cands
Pair
Image 20 18
50400020004444002050
00400020004004000000
05555020004004000052
05005001004014001000
05005200004004000500
05005000004004000000
05555004004444010111
00004400200002000000
04400000000000000000
00001111111111111110
00001000000000000010
33301004000404000010
30301002200000020010
31301000002200000010
30301111111111111110
30300000000000000000
30300040010000001100
33300000000011100000
Image 20 18
50000000004444000000
00000000004004000000
05555000004004000000
05005000004004000000
05005000004004000000
05005000004004000000
05555000004444000000
00000000000000000000
00000000000000000000
00001111111111111110
00001000000000000010
33301000000000000010
30301000000000000010
30301000000000000010
30301111111111111110
30300000000000000000
30300000000000000000
33300000000000000000
Pair
Image 20 18
50400020004444002050
00400020004004000000
05555020004004000052
05005001004014001000
05005200004004000500
05005000004004000000
05555004004444010111
00004400200002000000
04400000000000000000
00001111111111111110
00001000000000000010
33301004000404000010
30301002200000020010
31301000002200000010
30301111111111111110
30300000000000000000
30300040010000001100
33300000000011100000
Image 20 18
50400040000000000000
00400040000000000000
00550000000000000000
00000001000010001000
00000000004004000000
05000000000004000000
05550004000404010111
00000000000000000000
04400000000000000000
00001111111111111110
00001000000000000010
33301004000404000010
30301000100000000010
31301000001100000010
30301111111111111110
30300000000000000000
30300040010000001100
33300000000011100000
Pair
Image 20 18
50400020004444002050
00400020004004000000
05555020004004000052
05005001004014001000
05005200004004000500
05005000004004000000
05555004004444010111
00004400200002000000
04400000000000000000
00001111111111111110
00001000000000000010
33301004000404000010
30301002200000020010
31301000002200000010
30301111111111111110
30300000000000000000
30300040010000001100
33300000000011100000
Image 20 18
00000000004444000000
00000000004004000000
05555000004004000000
05005000004004000000
05005000004004000000
05005000004004000000
05555000004444000000
00000000000000000000
00000000000000000000
00001111111111111110
00001000000000000010
33301000000000000010
30301000000000000010
30301000000000000010
30301111111111111110
30300000000000000000
30300000000000000000
33300000000000000000
